135856896 135857023
204212352 204212479
387538944 387539088
387539089 387539089
387539090 387539192
387539194 387539199
387540224 387540341
387540342 387540342
387540343 387540448
387540450 387540479
387542753 387542753
387543552 387543681
387543683 387543804
387543805 387543805
387543806 387543807
387544576 387545087
387545856 387546111
387801408 387801439
387933440 387933695
387936000 387936112
387936113 387936113
387936114 387936255
407592960 407595007
410853376 410854911
410854912 410855039
410855040 410855295
410855296 410856447
410878208 410878463
410886656 410887039
410887040 410887167
410898304 410898431
410899456 410899583
410899584 410899711
410901504 410901759
410985728 410985855
410989312 410989567
410992896 410993151
411006464 411006719
843703040 843703252
843703254 843703295
844033024 844033024
844033025 844033025
844033026 844033152
844033154 844033296
844033298 844033341
844033343 844033864
844033866 844034047
845082496 845082623
847645696 847646719
1066196096 1066196223
1066204544 1066204671
1074033792 1074033919
1085804032 1085804287
1087081344 1087081418
1087081420 1087081471
1087092906 1087092906
1087092928 1087092955
1087092957 1087092959
1087093248 1087093503
1093196032 1093196287
1101042688 1101043199
1101400320 1101400575
1120886528 1120886591
1120886656 1120886783
1129095936 1129096191
1134997504 1134997759
1134998656 1134998783
1135396352 1135396607
1135399936 1135400703
1135400704 1135400831
1137936128 1137936383
1137940266 1137940266
1137940480 1137940735
1138586368 1138586495
1138586890 1138586890
1139359872 1139359999
1139361024 1139361279
1139361536 1139362047
1139362432 1139362559
1139362816 1139363071
1139363584 1139363839
1139364608 1139364735
1139364864 1139365119
1139365376 1139366399
1139366400 1139366527
1139366656 1139366911
1139367040 1139367423
1139369472 1139369727
1139372032 1139372799
1139374336 1139374719
1139375104 1139375359
1139375488 1139376127
1139648256 1139648511
1139649536 1139650303
1139650432 1139650559
1139650816 1139651071
1139652608 1139652863
1139654144 1139654271
1144594688 1144594943
1144601856 1144602111
1144605440 1144605695
1144615936 1144616191
1144616192 1144616447
1159864320 1159864575
1159864576 1159864831
1159865088 1159865343
1160405408 1160405439
1162131712 1162131967
1170459904 1170460159
1176605184 1176605247
1176605312 1176605695
1176608512 1176608767
1180178937 1180178937
1191202816 1191203327
1191205888 1191206015
1191355008 1191355135
1191355136 1191355391
1191355904 1191356415
1191357440 1191357695
1194360832 1194361343
1194362368 1194362879
1194364928 1194365055
1194366848 1194366975
1194526208 1194526463
1194528000 1194528255
1194529792 1194530431
1194530560 1194530687
1194706176 1194706303
1194706432 1194706559
1194706944 1194707199
1194707968 1194708479
1194708736 1194708991
1194711424 1194711551
1195248640 1195248767
1195248768 1195248895
1195249024 1195249151
1195251456 1195251711
1195264512 1195265023
1195283456 1195283583
1195283584 1195283711
1195283712 1195283967
1195309056 1195309183
1195312128 1195312639
1195312640 1195312767
1195312896 1195313151
1195315328 1195315455
1204725760 1204725887
1204725888 1204726015
1204726016 1204726271
1204726272 1204726399
1204726400 1204726783
1204726784 1204727807
1204730368 1204730879
1204784384 1204784639
1204786688 1204787199
1204787456 1204787583
1214811392 1214811647
1223519232 1223520255
1241838080 1241838463
1241840640 1241840895
1247638901 1247638901
1247638961 1247638961
1247639161 1247639161
1247727845 1247727845
1249159168 1249160191
1263206400 1263206655
1263206784 1263206911
1263206912 1263207423
1263207424 1263208447
1267865344 1267865599
1268135424 1268135441
1268135443 1268135560
1268135561 1268135561
1268135562 1268135693
1268135695 1268135935
1275166720 1275166847
1275167744 1275168255
1275169280 1275169535
1275169792 1275170047
1275170304 1275170815
1275171328 1275171583
1275171584 1275171711
1275322624 1275322685
1275322687 1275322759
1275322760 1275322763
1275322764 1275322879
1275325952 1275326207
1275327232 1275327359
1275353216 1275353599
1275413504 1275414015
1275414016 1275414143
1275415040 1275415295
1275415808 1275416063
1275417216 1275417343
1275417600 1275418111
1275516928 1275517055
1275517184 1275517439
1275517568 1275517695
1275540992 1275541503
1280123648 1280123903
1280123904 1280124927
1281889280 1281889535
1281889536 1281889791
1281890304 1281890559
1281890560 1281890815
1281890816 1281891327
1281891328 1281891583
1281891584 1281891711
1281891712 1281891839
1281891840 1281891967
1281891968 1281892095
1281892096 1281892351
1281905664 1281906175
1281910016 1281910143
1281910144 1281910271
1282982400 1282982911
1282996736 1282996991
1283129856 1283130367
1283130368 1283130623
1283138048 1283138559
1660177408 1660178431
1660178688 1660178943
1660179456 1660179967
1660485632 1660485887
1660488192 1660488319
1660488576 1660488703
1660496384 1660496639
1660497664 1660497919
1660500480 1660500991
1680751360 1680751423
1795458816 1795459071
1795468288 1795468543
1795472384 1795472895
1795486208 1795486335
1795486336 1795486463
1796230144 1796230655
1820009216 1820009471
2156855296 2156920831
2302017536 2302083071
2329018368 2329018879
2329019904 2329020159
2329020672 2329020799
2329020928 2329021439
2329021952 2329022463
2758452736 2758452991
2903406021 2903406021
2903406256 2903406263
2903490560 2903490576
2903490577 2903490577
2903490578 2903490815
2903492169 2903492169
2903492352 2903492540
2903492542 2903492608
2903492609 2903492609
2903492610 2903492752
2903492754 2903492863
2903493120 2903493152
2903493153 2903493153
2903493154 2903493160
2903493162 2903493168
2903493170 2903493375
2903493877 2903493877
2903493973 2903493973
2913192448 2913192703
2913193777 2913193777
2913424128 2913424383
3087037440 3087038207
3087038848 3087038975
3087061120 3087061247
3087062528 3087062655
3087063680 3087063807
3087155328 3087155455
3087156480 3087156735
3087157248 3087157375
3087157504 3087157759
3087158272 3087158399
3087159808 3087159935
3087160832 3087161343
3087162112 3087162367
3087174912 3087175167
3087175424 3087175465
3087175467 3087175615
3087175616 3087175631
3087175632 3087175679
3087368192 3087368319
3087368448 3087369215
3087369856 3087369983
3087370496 3087370751
3087371776 3087372031
3087372800 3087373823
3087373952 3087374079
3087374464 3087374591
3087374592 3087374847
3087375872 3087376383
3087392768 3087393279
3087393792 3087393919
3087394048 3087394303
3087394560 3087394687
3087395072 3087395327
3087396096 3087396351
3087398912 3087400191
3087400448 3087400959
3087402240 3087402495
3087403008 3087403519
3087404416 3087404543
3087405568 3087405823
3087406464 3087406719
3087407104 3087407359
3087407488 3087407615
3087412480 3087412735
3090268468 3090268471
3222065664 3222065919
3223531520 3223532031
3227019776 3227020287
3227849216 3227849983
3229870080 3229870335
3237320192 3237320447
3327815680 3327816447
3327816448 3327816703
3345940480 3345945855
3345946112 3345947647
3345947904 3345955327
3345955584 3345956863
3345965312 3345969151
3345981440 3346006015
3355024128 3355024895
3425918224 3425918231
3447785984 3447786239
3450024960 3450025215
3450640384 3450641407
3452177664 3452177919
3472410368 3472410623
3472416768 3472417023
3490077184 3490078207
3490767104 3490767359
3495026688 3495027455
3495027456 3495027711
3495027712 3495027967
3495027968 3495028223
3495028480 3495028735
3495133184 3495134207
3499677696 3499678719
3502770944 3502771199
3515958016 3515958271
3515958272 3515958527
3515962274 3515962274
3515964416 3515964671
3624667648 3624667712
3624667714 3624667903
3624668928 3624669183
3624681472 3624681727
3624688640 3624688767
3624688896 3624689151
3624693760 3624693887
3625890048 3625890943
3625890944 3625891071
3625891072 3625892351
3625892352 3625892479
3625892480 3625892863
3625892864 3625893119
3625893120 3625893887
3636805632 3636806143
3636806144 3636806399
3636806400 3636806655
3636806656 3636806911
3636806912 3636807423
3636807424 3636807679
3636807680 3636807935
3636808192 3636809727
